0001 4
0002 7
0003 5
0004 2
0005 3
0006 3
0007 5
0008 4
0009 4
0010 7
0011 5
0012 5
0013 2
0014 3
0015 2
0016 7
0017 3
0018 4
0019 3
0020 5
0021 7
0022 5
0023 4
0024 2
0025 3
0026 3
0027 4
0028 4
0029 3
0030 7
0031 2
0032 4
0033 3
0034 4
0035 4
0036 5
0037 7
0038 7
0039 3
0040 5
0041 3
0042 4
0043 3
0044 4
0045 2
0046 4
0047 2
0048 5
0049 2
0050 2
0051 5
0052 4
0053 4
0054 2
0055 7
0056 2
0057 5
0058 5
0059 5
0060 4
0061 2
0062 2
0063 3
0064 5
0065 7
0066 7
0067 5
0068 2
0069 2
0070 4
0071 4
0072 7
0073 5
0074 4
0075 3
0076 2
0077 4
0078 2
0079 7
0080 5
0081 3
0082 5
0083 3
0084 5
0085 4
0086 4
0087 3
0088 2
0089 3
0090 2
0091 2
0092 5
0093 4
0094 4
0095 2
0096 5
0097 3
0098 5
0099 7
0100 5
0101 5
0102 7
0103 2
0104 2
0105 3
0106 2
0107 3
0108 5
0109 2
0110 7
0111 7
0112 5
0113 3
0114 4
0115 2
0116 7
0117 5
0118 7
0119 7
0120 7
0121 4
0122 3
0123 2
0124 5
0125 5
0126 3
0127 2
0128 7
0129 5
0130 5
0131 7
0132 5
0133 7
0134 3
0135 4
0136 5
0137 2
0138 3
0139 7
0140 5
0141 5
0142 5
0143 2
0144 2
0145 5
0146 2
0147 7
0148 5
0149 3
0150 4
0151 2
0152 2
0153 2
0154 3
0155 2
0156 5
0157 5
0158 3
0159 2
0160 5
0161 2
0162 7
0163 2
0164 4
0165 5
0166 2
0167 7
0168 7
0169 7
0170 4
0171 2
0172 2
0173 2
0174 7
0175 3
0176 2
0177 3
0178 3
0179 4
0180 5
0181 7
0182 7
0183 3
0184 4
0185 5
0186 3
0187 5
0188 4
0189 5
0190 4
0191 7
0192 3
0193 4
0194 3
0195 2
0196 3
0197 2
0198 5
0199 4
0200 4
0201 4
0202 7
0203 2
0204 3
0205 7
0206 2
0207 4
0208 5
0209 4
0210 2
0211 5
0212 4
0213 7
0214 3
0215 2
0216 5
0217 4
0218 3
0219 5
0220 4
0221 5
0222 3
0223 5
0224 4
0225 2
0226 4
0227 2
0228 2
0229 7
0230 3
0231 3
0232 2
0233 4
0234 4
0235 3
0236 7
0237 3
0238 2
0239 3
0240 3
0241 7
0242 4
0243 4
0244 5
0245 5
0246 7
0247 2
0248 5
0249 7
0250 7
0251 5
0252 7
0253 7
0254 5
0255 4
0256 5
0257 2
0258 5
0259 4
0260 2
0261 5
0262 5
0263 7
0264 4
0265 3
0266 4
0267 3
0268 3
0269 4
0270 2
0271 3
0272 5
0273 5
0274 4
0275 5
0276 3
0277 5
0278 3
0279 7
0280 3
0281 5
0282 5
0283 2
0284 2
0285 5
0286 4
0287 5
0288 5
0289 7
0290 7
0291 5
0292 4
0293 3
0294 4
0295 5
0296 4
0297 3
0298 7
0299 3
0300 3
0301 2
0302 3
0303 2
0304 5
0305 2
0306 5
0307 2
0308 4
0309 5
0310 4
0311 2
0312 7
0313 2
0314 4
0315 5
0316 5
0317 5
0318 5
0319 7
0320 5
0321 7
0322 2
0323 7
0324 7
0325 4
0326 3
0327 4
0328 4
0329 3
0330 5
0331 4
0332 5
0333 2
0334 7
0335 4
0336 5
0337 4
0338 5
0339 3
0340 7
0341 7
0342 2
0343 5
0344 7
0345 7
0346 7
0347 7
0348 3
0349 7
0350 3
0351 4
0352 5
0353 5
0354 2
0355 7
0356 4
0357 5
0358 5
0359 5
0360 7
0361 3
0362 2
0363 4
0364 7
0365 5
0366 3
0367 5
0368 2
0369 4
0370 7
0371 5
0372 4
0373 3
0374 2
0375 2
0376 3
0377 3
0378 5
0379 2
0380 2
0381 4
0382 7
0383 4
0384 7
0385 7
0386 7
0387 3
0388 7
0389 2
0390 4
0391 3
0392 5
0393 5
0394 5
0395 7
0396 5
0397 4
0398 4
0399 3
0400 2
0401 4
0402 3
0403 2
0404 4
0405 3
0406 4
0407 2
0408 7
0409 3
0410 2
0411 2
0412 7
0413 2
0414 7
0415 4
0416 5
0417 3
0418 3
0419 2
0420 5
0421 4
0422 7
0423 5
0424 2
0425 3
0426 3
0427 7
0428 3
0429 7
0430 2
0431 2
0432 5
0433 5
0434 3
0435 7
0436 4
0437 4
0438 2
0439 7
0440 3
0441 2
0442 5
0443 5
0444 4
0445 5
0446 4
0447 4
0448 7
0449 4
0450 5
0451 3
0452 3
0453 7
0454 7
0455 4
0456 4
0457 7
0458 4
0459 5
0460 7
0461 3
0462 3
0463 3
0464 2
0465 2
0466 4
0467 4
0468 7
0469 2
0470 2
0471 3
0472 7
0473 4
0474 7
0475 3
0476 7
0477 3
0478 7
0479 5
0480 5
0481 2
0482 7
0483 5
0484 2
0485 2
0486 7
0487 4
0488 2
0489 4
0490 5
0491 2
0492 7
0493 7
0494 7
0495 5
0496 4
0497 7
0498 5
0499 3
0500 5
0501 2
0502 2
0503 5
0504 5
0505 3
0506 7
0507 7
0508 2
0509 4
0510 3
0511 2
0512 7
0513 7
0514 4
0515 5
0516 3
0517 2
0518 2
0519 5
0520 3
0521 5
0522 3
0523 3
0524 2
0525 3
0526 5
0527 4
0528 2
0529 2
0530 7
0531 4
0532 4
0533 3
0534 2
0535 2
0536 4
0537 2
0538 3
0539 5
0540 7
0541 2
0542 2
0543 7
0544 2
0545 5
0546 2
0547 7
0548 4
0549 5
0550 7
0551 5
0552 2
0553 5
0554 3
0555 4
0556 5
0557 4
0558 2
0559 4
0560 2
0561 3
0562 5
0563 2
0564 7
0565 4
0566 4
0567 5
0568 4
0569 4
0570 5
0571 4
0572 5
0573 2
0574 2
0575 7
0576 2
0577 7
0578 4
0579 3
0580 4
0581 4
0582 2
0583 2
0584 2
0585 2
0586 4
0587 7
0588 5
0589 2
0590 4
0591 4
0592 5
0593 2
0594 5
0595 4
0596 4
0597 3
0598 4
0599 7
0600 3
0601 4
0602 3
0603 4
0604 7
0605 4
0606 4
0607 7
0608 2
0609 5
0610 3
0611 5
0612 5
0613 4
0614 5
0615 3
0616 4
0617 4
0618 7
0619 7
0620 3
0621 7
0622 4
0623 3
0624 2
0625 3
0626 5
0627 4
0628 7
0629 4
0630 7
0631 2
0632 2
0633 7
0634 2
0635 7
0636 7
0637 2
0638 4
0639 2
0640 3
0641 2
0642 7
0643 2
0644 4
0645 3
0646 3
0647 5
0648 3
0649 7
0650 3
0651 3
0652 2
0653 2
0654 4
0655 2
0656 5
0657 2
0658 5
0659 2
0660 4
0661 3
0662 5
0663 2
0664 7
0665 7
0666 2
0667 7
0668 2
0669 3
0670 2
0671 4
0672 3
0673 7
0674 5
0675 2
0676 3
0677 2
0678 3
0679 7
0680 7
0681 2
0682 5
0683 5
0684 7
0685 2
0686 7
0687 2
0688 4
0689 4
0690 2
0691 5
0692 2
0693 4
0694 5
0695 3
0696 3
0697 4
0698 7
0699 2
0700 4
0701 5
0702 4
0703 5
0704 4
0705 5
0706 7
0707 5
0708 4
0709 5
0710 5
0711 5
0712 7
0713 7
0714 4
0715 2
0716 7
0717 5
0718 5
0719 5
0720 3
0721 3
0722 3
0723 5
0724 2
0725 5
0726 3
0727 5
0728 4
0729 2
0730 7
0731 7
0732 4
0733 5
0734 5
0735 3
0736 4
0737 7
0738 2
0739 4
0740 7
0741 2
0742 3
0743 5
0744 7
0745 2
0746 7
0747 7
0748 3
0749 2
0750 4
0751 7
0752 2
0753 3
0754 7
0755 4
0756 4
0757 7
0758 7
0759 2
0760 3
0761 4
0762 7
0763 3
0764 3
0765 2
0766 5
0767 7
0768 7
0769 5
0770 5
0771 3
0772 2
0773 3
0774 2
0775 3
0776 2
0777 2
0778 3
0779 3
0780 7
0781 2
0782 3
0783 5
0784 4
0785 2
0786 5
0787 2
0788 5
0789 5
0790 2
0791 4
0792 2
0793 4
0794 5
0795 3
0796 5
0797 2
0798 4
0799 7
0800 4
0801 4
0802 4
0803 4
0804 5
0805 2
0806 4
0807 3
0808 7
0809 7
0810 2
0811 4
0812 3
0813 4
0814 2
0815 3
0816 7
0817 2
0818 4
0819 3
0820 5
0821 4
0822 4
0823 4
0824 7
0825 5
0826 7
0827 5
0828 2
0829 4
0830 2
0831 2
0832 2
0833 7
0834 4
0835 4
0836 7
0837 5
0838 7
0839 5
0840 2
0841 4
0842 3
0843 2
0844 2
0845 7
0846 5
0847 4
0848 5
0849 4
0850 2
0851 7
0852 7
0853 7
0854 4
0855 2
0856 4
0857 2
0858 5
0859 7
0860 5
0861 4
0862 4
0863 4
0864 2
0865 4
0866 2
0867 7
0868 7
0869 4
0870 5
0871 2
0872 5
0873 2
0874 3
0875 2
0876 2
0877 2
0878 5
0879 4
0880 4
0881 2
0882 4
0883 7
0884 4
0885 3
0886 3
0887 7
0888 3
0889 2
0890 7
0891 2
0892 4
0893 5
0894 5
0895 5
0896 2
0897 3
0898 3
0899 5
0900 5
0901 4
0902 2
0903 5
0904 5
0905 5
0906 2
0907 5
0908 4
0909 5
0910 4
0911 2
0912 2
0913 5
0914 2
0915 7
0916 3
0917 2
0918 7
0919 5
0920 7
0921 4
0922 7
0923 7
0924 5
0925 2
0926 5
0927 2
0928 7
0929 2
0930 7
0931 5
0932 4
0933 2
0934 5
0935 2
0936 5
0937 3
0938 7
0939 7
0940 7
0941 7
0942 5
0943 3
0944 2
0945 7
0946 5
0947 5
0948 5
0949 2
0950 5
0951 3
0952 3
0953 7
0954 4
0955 7
0956 3
0957 5
0958 7
0959 4
0960 5
0961 2
0962 5
0963 2
0964 3
0965 3
0966 7
0967 2
0968 4
0969 3
0970 4
0971 4
0972 7
0973 5
0974 4
0975 5
0976 4
0977 2
0978 5
0979 5
0980 4
0981 4
0982 2
0983 3
0984 5
0985 3
0986 4
0987 3
0988 3
0989 4
0990 3
0991 4
0992 3
0993 4
0994 3
0995 4
0996 7
0997 3
0998 5
0999 2
1000 7
1001 4
1002 7
1003 2
1004 2
1005 4
1006 7
1007 2
1008 4
1009 2
1010 3
1011 4
1012 4
1013 2
1014 5
1015 5
1016 4
1017 4
1018 5
1019 7
1020 4
1021 7
1022 4
1023 3
1024 2
1025 3
1026 4
1027 2
1028 3
1029 7
1030 3
1031 7
1032 5
1033 7
1034 4
1035 2
1036 5
1037 7
1038 2
1039 5
1040 5
1041 2
1042 5
1043 3
1044 4
1045 2
1046 3
1047 2
1048 2
1049 4
1050 5
1051 2
1052 3
1053 5
1054 7
1055 7
1056 7
1057 5
1058 4
1059 5
1060 3
1061 3
1062 5
1063 3
1064 4
1065 4
1066 5
1067 5
1068 3
1069 2
1070 3
1071 2
1072 5
1073 2
1074 3
1075 5
1076 5
1077 3
1078 5
1079 5
1080 2
1081 7
1082 4
1083 5
1084 4
1085 4
1086 2
1087 2
1088 7
1089 4
1090 7
1091 3
1092 7
1093 7
1094 7
1095 7
1096 4
1097 4
1098 7
1099 3
1100 3
1101 5
1102 2
1103 7
1104 5
1105 7
1106 7
1107 4
1108 2
1109 3
1110 7
1111 3
1112 2
1113 3
1114 3
1115 2
1116 7
1117 5
1118 2
1119 5
1120 2
1121 3
1122 4
1123 5
1124 3
1125 5
1126 5
1127 4
1128 2
1129 2
1130 7
1131 7
1132 7
1133 2
1134 3
1135 2
1136 5
1137 5
1138 2
1139 5
1140 7
1141 3
1142 2
1143 4
1144 4
1145 7
1146 7
1147 3
1148 2
1149 4
1150 2
1151 2
1152 4
1153 3
1154 4
1155 7
1156 7
1157 3
1158 2
1159 2
1160 5
1161 2
1162 2
1163 5
1164 2
1165 4
1166 3
1167 2
1168 4
1169 7
1170 3
1171 2
1172 7
1173 5
1174 2
1175 2
1176 3
1177 3
1178 2
1179 5
1180 3
1181 7
1182 7
1183 4
1184 3
1185 5
1186 7
1187 3
1188 7
1189 2
1190 7
1191 7
1192 7
1193 2
1194 5
1195 7
1196 7
1197 5
1198 7
1199 4
1200 5
1201 3
1202 7
1203 5
1204 3
1205 5
1206 7
1207 7
1208 5
1209 5
1210 5
1211 4
1212 7
1213 4
1214 7
1215 4
1216 3
1217 3
1218 7
1219 2
1220 7
1221 5
1222 7
1223 3
1224 5
1225 5
1226 3
1227 7
1228 7
1229 4
1230 7
1231 5
1232 4
1233 2
1234 2
1235 4
1236 2
1237 7
1238 7
1239 4
1240 3
1241 7
1242 5
1243 7
1244 4
1245 4
1246 2
1247 7
1248 4
1249 4
1250 7
1251 4
1252 5
1253 7
1254 2
1255 5
1256 3
1257 4
1258 5
1259 2
1260 2
1261 7
1262 7
1263 5
1264 4
1265 2
1266 4
1267 4
1268 7
1269 5
1270 4
1271 5
1272 7
1273 3
1274 2
1275 7
1276 3
1277 5
1278 4
1279 3
1280 3
1281 3
1282 7
1283 7
1284 5
1285 2
1286 7
1287 5
1288 5
1289 4
1290 4
1291 2
1292 7
1293 7
1294 3
1295 2
1296 7
1297 7
1298 5
1299 3
1300 2
1301 3
1302 2
1303 4
1304 4
1305 4
1306 3
1307 4
1308 5
1309 5
1310 5
1311 4
1312 2
1313 7
1314 4
1315 2
1316 7
1317 3
1318 7
1319 7
1320 2
1321 3
1322 7
1323 5
1324 7
1325 7
1326 5
1327 3
1328 3
1329 7
1330 3
1331 5
1332 4
1333 4
1334 7
1335 3
1336 4
1337 7
1338 5
1339 3
1340 7
1341 4
1342 5
1343 4
1344 3
1345 7
1346 2
1347 2
1348 4
1349 2
1350 4
1351 3
1352 2
1353 7
1354 7
1355 4
1356 7
1357 5
1358 5
1359 2
1360 5
1361 5
1362 3
1363 2
1364 3
1365 4
1366 4
1367 3
1368 7
1369 2
1370 7
1371 7
1372 3
1373 5
1374 4
1375 7
1376 2
1377 4
1378 5
1379 5
1380 3
1381 4
1382 7
1383 5
1384 3
1385 7
1386 3
1387 4
1388 5
1389 3
1390 5
1391 7
1392 7
1393 7
1394 3
1395 3
1396 2
1397 5
1398 3
1399 4
1400 3
1401 5
1402 5
1403 7
1404 4
1405 4
1406 4
1407 7
1408 5
1409 5
1410 7
1411 7
1412 2
1413 7
1414 7
1415 3
1416 5
1417 2
1418 3
1419 7
1420 5
1421 7
1422 7
1423 2
1424 7
1425 7
1426 4
1427 3
1428 7
1429 4
1430 4
1431 2
1432 2
1433 3
1434 7
1435 7
1436 5
1437 2
1438 5
1439 7
1440 2
1441 2
1442 5
1443 3
1444 7
1445 5
1446 4
1447 2
1448 4
1449 2
1450 7
1451 7
1452 3
1453 2
1454 5
1455 7
1456 5
1457 4
1458 7
1459 2
1460 7
1461 3
1462 7
1463 3
1464 4
1465 3
1466 2
1467 4
1468 5
1469 7
1470 2
1471 7
1472 2
1473 4
1474 2
1475 2
1476 7
1477 5
1478 4
1479 4
1480 5
1481 3
1482 7
1483 2
1484 3
1485 4
1486 3
1487 2
1488 4
1489 4
1490 7
1491 5
1492 5
1493 3
1494 5
1495 2
1496 2
1497 4
1498 7
1499 3
1500 5
1501 5
1502 7
1503 3
1504 7
1505 7
1506 2
1507 5
1508 3
1509 4
1510 4
1511 2
1512 4
1513 2
1514 7
1515 2
1516 5
1517 2
1518 3
1519 7
1520 7
1521 2
1522 5
1523 5
1524 3
1525 7
1526 2
1527 4
1528 4
1529 5
1530 2
1531 4
1532 4
1533 3
1534 3
1535 2
1536 7
1537 5
1538 5
1539 3
1540 5
1541 5
1542 3
1543 3
1544 7
1545 3
1546 5
1547 4
1548 7
1549 2
1550 7
1551 7
1552 4
1553 3
1554 3
1555 5
1556 4
1557 4
1558 2
1559 4
1560 7
1561 7
1562 4
1563 4
1564 4
1565 4
1566 7
1567 3
1568 2
1569 3
1570 2
1571 7
1572 2
1573 4
1574 3
1575 3
1576 7
1577 3
1578 2
1579 7
1580 2
1581 7
1582 2
1583 5
1584 7
1585 7
1586 7
1587 3
1588 3
1589 7
1590 2
1591 3
1592 5
1593 2
1594 4
1595 7
1596 4
1597 2
1598 7
1599 3
1600 4
1601 3
1602 3
1603 5
1604 4
1605 7
1606 3
1607 5
1608 7
1609 4
1610 2
1611 2
1612 2
1613 5
1614 3
1615 4
1616 2
1617 3
1618 4
1619 2
1620 3
1621 7
1622 7
1623 4
1624 2
1625 3
1626 5
1627 5
1628 5
1629 2
1630 5
1631 3
1632 3
1633 2
1634 2
1635 4
1636 4
1637 7
1638 2
1639 3
1640 3
1641 3
1642 5
1643 3
1644 7
1645 3
1646 7
1647 4
1648 2
1649 5
1650 3
1651 7
1652 2
1653 3
1654 7
1655 7
1656 3
1657 7
1658 2
1659 4
1660 7
1661 2
1662 3
1663 4
1664 3
1665 7
1666 2
1667 3
1668 3
1669 2
1670 5
1671 2
1672 4
1673 4
1674 2
1675 4
1676 3
1677 2
1678 5
1679 3
1680 5
1681 7
1682 2
1683 7
1684 5
1685 3
1686 3
1687 5
1688 2
1689 7
1690 2
1691 2
1692 3
1693 7
1694 4
1695 7
1696 7
1697 4
1698 7
1699 5
1700 2
1701 4
1702 2
1703 2
1704 3
1705 7
1706 2
1707 7
1708 7
1709 4
1710 2
1711 2
1712 2
1713 3
1714 4
1715 2
1716 7
1717 7
1718 4
1719 2
1720 3
1721 5
1722 7
1723 5
1724 2
1725 7
1726 4
1727 3
1728 5
1729 5
1730 2
1731 7
1732 3
1733 3
1734 5
1735 4
1736 7
1737 4
1738 3
1739 5
1740 5
1741 3
1742 3
1743 2
1744 7
1745 7
1746 4
1747 4
1748 4
1749 5
1750 7
1751 4
1752 3
1753 2
1754 4
1755 3
1756 2
1757 5
1758 3
1759 2
1760 4
1761 3
1762 2
1763 7
1764 2
1765 2
1766 7
1767 4
1768 7
1769 2
1770 5
1771 7
1772 7
1773 3
1774 7
1775 5
1776 4
1777 4
1778 2
1779 4
1780 5
1781 3
1782 2
1783 2
1784 2
1785 7
1786 2
1787 2
1788 4
1789 7
1790 4
1791 4
1792 4
1793 7
1794 3
1795 7
1796 2
1797 5
1798 4
1799 4
1800 2
1801 7
1802 4
1803 2
1804 7
1805 3
1806 2
1807 3
1808 7
1809 7
1810 2
1811 4
1812 4
1813 3
1814 5
1815 4
1816 2
1817 5
1818 7
1819 2
1820 3
1821 2
1822 2
1823 2
1824 3
1825 7
1826 4
1827 3
1828 7
1829 4
1830 4
1831 5
1832 4
1833 7
1834 2
1835 2
1836 5
1837 4
1838 3
1839 5
1840 4
1841 3
1842 5
1843 2
1844 3
1845 4
1846 5
1847 5
1848 3
1849 2
1850 4
1851 3
1852 5
1853 3
1854 3
1855 3
1856 5
1857 5
1858 5
1859 7
1860 3
1861 3
1862 7
1863 3
1864 3
1865 4
1866 5
1867 3
1868 7
1869 5
1870 3
1871 7
1872 7
1873 5
1874 4
1875 7
1876 4
1877 4
1878 5
1879 4
1880 2
1881 3
1882 4
1883 7
1884 5
1885 5
1886 7
1887 7
1888 2
1889 4
1890 5
1891 2
1892 2
1893 5
1894 7
1895 7
1896 4
1897 7
1898 7
1899 2
1900 2
1901 4
1902 5
1903 5
1904 7
1905 5
1906 5
1907 4
1908 4
1909 2
1910 7
1911 7
1912 4
1913 5
1914 2
1915 2
1916 7
1917 3
1918 4
1919 5
1920 2
1921 4
1922 7
1923 3
1924 2
1925 5
1926 5
1927 4
1928 3
1929 3
1930 7
1931 3
1932 5
1933 5
1934 4
1935 2
1936 2
1937 4
1938 5
1939 2
1940 4
1941 4
1942 7
1943 7
1944 2
1945 4
1946 7
1947 4
1948 5
1949 4
1950 4
1951 4
1952 7
1953 5
1954 2
1955 2
1956 7
1957 5
1958 4
1959 4
1960 2
1961 2
1962 5
1963 7
1964 7
1965 3
1966 5
1967 5
1968 7
1969 4
1970 7
1971 2
1972 2
1973 7
1974 2
1975 2
1976 7
1977 5
1978 7
1979 7
1980 2
1981 5
1982 5
1983 2
1984 5
1985 7
1986 3
1987 3
1988 7
1989 4
1990 7
1991 7
1992 3
1993 5
1994 4
1995 7
1996 7
1997 4
1998 7
1999 4
2000 4
2001 2
2002 7
2003 2
2004 2
2005 7
2006 4
2007 4
2008 4
2009 4
2010 4
2011 3
2012 2
2013 4
2014 5
2015 5
2016 7
2017 2
2018 7
2019 3
2020 2
2021 4
2022 7
2023 5
2024 7
2025 3
2026 2
2027 2
2028 3
2029 7
2030 2
2031 2
2032 7
2033 3
2034 5
2035 7
2036 4
2037 3
2038 5
2039 5
2040 7
2041 7
2042 4
2043 4
2044 5
2045 5
2046 7
2047 4
2048 2
2049 4
2050 7
2051 3
2052 3
2053 4
2054 3
2055 5
2056 5
2057 4
2058 2
2059 3
2060 7
2061 3
2062 5
2063 5
2064 7
2065 2
2066 4
2067 4
2068 4
2069 4
2070 3
2071 5
2072 7
2073 5
2074 4
2075 5
2076 2
2077 5
2078 4
2079 5
2080 7
2081 5
2082 4
2083 3
2084 3
2085 4
2086 2
2087 3
2088 4
2089 2
2090 7
2091 3
2092 4
2093 3
2094 3
2095 4
2096 3
2097 7
2098 5
2099 7
2100 7
2101 2
2102 3
2103 5
2104 5
2105 7
2106 2
2107 5
2108 4
2109 5
2110 4
2111 2
2112 7
2113 2
2114 5
2115 7
2116 3
2117 5
2118 7
2119 7
2120 4
2121 4
2122 4
2123 2
2124 3
2125 5
2126 4
2127 4
2128 2
2129 2
2130 5
2131 3
2132 2
2133 7
2134 7
2135 5
2136 3
2137 3
2138 4
2139 5
2140 2
2141 2
2142 4
2143 4
2144 4
2145 2
2146 5
2147 5
2148 4
2149 2
2150 2
2151 4
2152 4
2153 2
2154 2
2155 4
2156 3
2157 7
2158 2
2159 4
2160 3
2161 2
2162 5
2163 5
2164 5
2165 7
2166 5
2167 4
2168 5
2169 3
2170 7
2171 7
2172 4
2173 2
2174 3
2175 3
2176 2
2177 4
2178 3
2179 5
2180 2
2181 3
2182 5
2183 3
2184 2
2185 5
2186 2
2187 4
2188 3
2189 2
2190 3
2191 5
2192 7
2193 4
2194 5
2195 7
2196 7
2197 2
2198 7
2199 7
2200 5
2201 7
2202 4
2203 5
2204 2
2205 7
2206 3
2207 5
2208 7
2209 4
2210 4
2211 7
2212 5
2213 5
2214 7
2215 5
2216 4
2217 2
2218 2
2219 4
2220 5
2221 7
2222 4
2223 2
2224 3
2225 2
2226 3
2227 3
2228 7
2229 7
2230 5
2231 7
2232 7
2233 5
2234 7
2235 7
2236 5
2237 5
2238 7
2239 2
2240 7
2241 2
2242 3
2243 3
2244 5
2245 3
2246 7
2247 3
2248 3
2249 7
2250 4
2251 4
2252 5
2253 3
2254 5
2255 3
2256 5
2257 4
2258 7
2259 5
2260 3
2261 5
2262 2
2263 3
2264 2
2265 5
2266 4
2267 5
2268 3
2269 7
2270 7
2271 3
2272 5
2273 5
2274 5
2275 4
2276 3
2277 4
2278 3
2279 4
2280 2
2281 5
2282 4
2283 4
2284 2
2285 3
2286 7
2287 4
2288 7
2289 4
2290 5
2291 3
2292 2
2293 7
2294 4
2295 3
2296 7
2297 2
2298 2
2299 4
2300 5
2301 3
2302 7
2303 5
2304 4
2305 5
2306 3
2307 3
2308 3
2309 5
2310 2
2311 3
2312 5
2313 7
2314 4
2315 3
2316 5
2317 2
2318 5
2319 3
2320 3
2321 7
2322 3
2323 4
2324 7
2325 7
2326 4
2327 7
2328 7
2329 7
2330 2
2331 2
2332 5
2333 4
2334 3
2335 3
2336 3
2337 2
2338 2
2339 4
2340 2
2341 7
2342 3
2343 7
2344 7
2345 7
2346 2
2347 3
2348 2
2349 7
2350 5
2351 2
2352 3
2353 7
2354 5
2355 7
2356 5
2357 5
2358 3
2359 5
2360 3
2361 7
2362 2
2363 4
2364 3
2365 2
2366 2
2367 4
2368 3
2369 5
2370 4
2371 7
2372 2
2373 2
2374 2
2375 2
2376 5
2377 7
2378 4
2379 3
2380 3
2381 4
2382 2
2383 4
2384 3
2385 7
2386 4
2387 5
2388 7
2389 5
2390 4
2391 7
2392 7
2393 2
2394 4
2395 5
2396 2
2397 4
2398 4
2399 7
2400 5
2401 3
2402 4
2403 2
2404 3
2405 4
2406 4
2407 3
2408 7
2409 5
2410 3
2411 7
2412 3
2413 7
2414 2
2415 4
2416 2
2417 3
2418 7
2419 4
2420 5
2421 2
2422 2
2423 2
2424 2
2425 4
2426 3
2427 2
2428 7
2429 4
2430 3
2431 3
2432 4
2433 5
2434 4
2435 7
2436 2
2437 7
2438 7
2439 7
2440 4
2441 4
2442 3
2443 2
2444 7
2445 4
2446 5
2447 7
2448 4
2449 7
2450 5
2451 7
2452 7
2453 4
2454 7
2455 2
2456 4
2457 7
2458 7
2459 3
2460 4
2461 3
2462 5
2463 5
2464 3
2465 4
2466 2
2467 2
2468 2
2469 5
2470 2
2471 7
2472 4
2473 4
2474 4
2475 3
2476 7
2477 3
2478 3
2479 2
2480 5
2481 2
2482 7
2483 7
2484 7
2485 7
2486 4
2487 7
2488 5
2489 2
2490 4
2491 3
2492 4
2493 2
2494 5
2495 5
2496 4
2497 7
2498 2
2499 4
2500 4
2501 2
2502 5
2503 4
2504 5
2505 5
2506 2
2507 7
2508 2
2509 3
2510 7
2511 7
2512 4
2513 3
2514 5
2515 7
2516 3
2517 2
2518 4
2519 3
2520 5
2521 5
2522 2
2523 5
2524 3
2525 3
2526 2
2527 2
2528 3
2529 3
2530 2
2531 5
2532 2
2533 2
2534 2
2535 4
2536 3
2537 5
2538 2
2539 7
2540 4
2541 7
2542 5
2543 3
2544 5
2545 2
2546 4
2547 3
2548 3
2549 4
2550 5
2551 7
2552 3
2553 3
2554 5
2555 5
2556 2
2557 5
2558 2
2559 5
2560 4
2561 2
2562 3
2563 2
2564 4
2565 5
2566 4
2567 4
2568 3
2569 7
2570 3
2571 7
2572 5
2573 4
2574 4
2575 5
2576 4
2577 7
2578 5
2579 2
2580 7
2581 4
2582 7
2583 4
2584 5
2585 5
2586 2
2587 7
2588 4
2589 2
2590 5
2591 3
2592 4
2593 5
2594 5
2595 7
2596 7
2597 5
2598 4
2599 4
2600 7
2601 7
2602 3
2603 3
2604 5
2605 5
2606 4
2607 3
2608 5
2609 3
2610 4
2611 2
2612 4
2613 7
2614 4
2615 7
2616 4
2617 3
2618 2
2619 4
2620 5
2621 5
2622 2
2623 2
2624 3
2625 3
2626 2
2627 5
2628 5
2629 3
2630 4
2631 7
2632 5
2633 5
2634 2
2635 2
2636 5
2637 3
2638 2
2639 3
2640 3
2641 2
2642 7
2643 3
2644 5
2645 2
2646 4
2647 4
2648 4
2649 7
2650 3
2651 2
2652 5
2653 4
2654 7
2655 4
2656 2
2657 2
2658 4
2659 5
2660 4
2661 5
2662 7
2663 7
2664 5
2665 5
2666 7
2667 2
2668 3
2669 2
2670 3
2671 7
2672 2
2673 7
2674 3
2675 5
2676 3
2677 2
2678 2
2679 2
2680 7
2681 7
2682 4
2683 3
2684 2
2685 4
2686 7
2687 4
2688 3
2689 2
2690 4
2691 3
2692 4
2693 4
2694 4
2695 2
2696 5
2697 2
2698 2
2699 4
2700 3
2701 7
2702 5
2703 4
2704 2
2705 7
2706 3
2707 4
2708 5
2709 2
2710 4
2711 4
2712 5
2713 3
2714 7
2715 3
2716 3
2717 7
2718 4
2719 5
2720 3
2721 4
2722 4
2723 4
2724 5
2725 5
2726 5
2727 3
2728 3
2729 3
2730 2
2731 2
2732 3
2733 3
2734 3
2735 4
2736 7
2737 2
2738 2
2739 4
2740 2
2741 7
2742 7
2743 2
2744 2
2745 7
2746 4
2747 7
2748 5
2749 3
2750 2
2751 3
2752 2
2753 2
2754 7
2755 5
2756 3
2757 5
2758 5
2759 7
2760 5
2761 2
2762 3
2763 4
2764 5
2765 2
2766 4
2767 4
2768 5
2769 3
2770 7
2771 5
2772 2
2773 2
2774 7
2775 3
2776 5
2777 5
2778 3
2779 4
2780 3
2781 5
2782 3
2783 7
2784 4
2785 4
2786 7
2787 3
2788 7
2789 7
2790 4
2791 2
2792 2
2793 3
2794 3
2795 7
2796 3
2797 7
2798 4
2799 5
2800 5
2801 2
2802 7
2803 5
2804 5
2805 3
2806 7
2807 5
2808 7
2809 3
2810 4
2811 2
2812 5
2813 3
2814 7
2815 7
2816 3
2817 7
2818 2
2819 7
2820 7
2821 3
2822 5
2823 2
2824 7
2825 2
2826 4
2827 7
2828 3
2829 7
2830 5
2831 3
2832 7
2833 4
2834 2
2835 4
2836 4
2837 7
2838 4
2839 3
2840 5
2841 7
2842 5
2843 4
2844 7
2845 3
2846 4
2847 4
2848 4
2849 5
2850 7
2851 7
2852 7
2853 2
2854 3
2855 4
2856 7
2857 5
2858 2
2859 3
2860 3
2861 2
2862 5
2863 5
2864 3
2865 7
2866 5
2867 5
2868 2
2869 3
2870 3
2871 2
2872 7
2873 3
2874 2
2875 5
2876 4
2877 5
2878 7
2879 7
2880 3
2881 5
2882 5
2883 4
2884 2
2885 3
2886 3
2887 2
2888 2
2889 3
2890 4
2891 2
2892 7
2893 5
2894 7
2895 7
2896 5
2897 4
2898 3
2899 3
2900 4
2901 5
2902 4
2903 3
2904 2
2905 5
2906 5
2907 5
2908 7
2909 7
2910 3
2911 4
2912 7
2913 7
2914 3
2915 4
2916 5
2917 3
2918 3
2919 2
2920 5
2921 5
2922 5
2923 5
2924 3
2925 4
2926 3
2927 5
2928 2
2929 2
2930 3
2931 4
2932 3
2933 3
2934 7
2935 3
2936 5
2937 5
2938 2
2939 5
2940 5
2941 5
2942 4
2943 4
2944 4
2945 3
2946 3
2947 4
2948 3
2949 5
2950 5
2951 5
2952 3
2953 2
2954 7
2955 4
2956 3
2957 5
2958 3
2959 7
2960 4
2961 4
2962 3
2963 2
2964 7
2965 4
2966 3
2967 5
2968 2
2969 2
2970 2
2971 4
2972 2
2973 7
2974 7
2975 7
2976 5
2977 2
2978 5
2979 3
2980 2
2981 5
2982 3
2983 7
2984 2
2985 3
2986 3
2987 5
2988 3
2989 3
2990 3
2991 5
2992 5
2993 2
2994 7
2995 3
2996 7
2997 7
2998 4
2999 4
3000 2
3001 7
3002 7
3003 3
3004 5
3005 3
3006 2
3007 7
3008 5
3009 3
3010 3
3011 7
3012 3
3013 4
3014 5
3015 5
3016 4
3017 2
3018 3
3019 7
3020 4
3021 4
3022 4
3023 3
3024 3
3025 4
3026 7
3027 5
3028 3
3029 5
3030 4
3031 2
3032 4
3033 4
3034 2
3035 4
3036 5
3037 2
3038 5
3039 3
3040 5
3041 4
3042 5
3043 2
3044 2
3045 7
3046 2
3047 5
3048 5
3049 4
3050 3
3051 4
3052 4
3053 7
3054 4
3055 4
3056 3
3057 4
3058 3
3059 3
3060 5
3061 4
3062 2
3063 3
3064 2
3065 4
3066 3
3067 7
3068 3
3069 7
3070 5
3071 2
3072 5
3073 4
3074 5
3075 2
3076 2
3077 7
3078 5
3079 5
3080 2
3081 5
3082 4
3083 7
3084 5
3085 4
3086 2
3087 2
3088 3
3089 3
3090 7
3091 3
3092 3
3093 3
3094 4
3095 5
3096 5
3097 2
3098 2
3099 2
3100 2
3101 2
3102 4
3103 2
3104 7
3105 3
3106 3
3107 3
3108 3
3109 2
3110 7
3111 5
3112 5
3113 2
3114 5
3115 3
3116 4
3117 7
3118 2
3119 7
3120 3
3121 7
3122 2
3123 7
3124 5
3125 4
3126 3
3127 5
3128 2
3129 2
3130 2
3131 4
3132 7
3133 3
3134 2
3135 2
3136 7
3137 2
3138 3
3139 2
3140 4
3141 2
3142 2
3143 7
3144 5
3145 5
3146 4
3147 4
3148 4
3149 3
3150 7
3151 4
3152 7
3153 7
3154 3
3155 4
3156 7
3157 2
3158 2
3159 5
3160 5
3161 2
3162 4
3163 2
3164 2
3165 2
3166 4
3167 7
3168 3
3169 7
3170 5
3171 4
3172 4
3173 5
3174 2
3175 7
3176 3
3177 3
3178 5
3179 4
3180 3
3181 3
3182 4
3183 7
3184 3
3185 3
3186 2
3187 7
3188 2
3189 4
3190 3
3191 2
3192 4
3193 7
3194 7
3195 3
3196 5
3197 4
3198 4
3199 7
3200 7
3201 3
3202 5
3203 2
3204 5
3205 3
3206 4
3207 7
3208 5
3209 2
3210 4
3211 7
3212 2
3213 5
3214 2
3215 5
3216 7
3217 7
3218 5
3219 3
3220 4
3221 2
3222 2
3223 7
3224 3
3225 4
3226 5
3227 5
3228 2
3229 7
3230 2
3231 3
3232 5
3233 3
3234 2
3235 5
3236 5
3237 5
3238 5
3239 3
3240 4
3241 4
3242 3
3243 4
3244 5
3245 3
3246 2
3247 4
3248 3
3249 5
3250 4
3251 3
3252 3
3253 3
3254 5
3255 4
3256 4
3257 3
3258 2
3259 3
3260 7
3261 7
3262 3
3263 2
3264 4
3265 3
3266 5
3267 3
3268 5
3269 5
3270 4
3271 7
3272 4
3273 4
3274 2
3275 2
3276 4
3277 5
3278 7
3279 2
3280 4
3281 4
3282 3
3283 7
3284 5
3285 7
3286 4
3287 7
3288 5
3289 2
3290 2
3291 3
3292 3
3293 5
3294 3
3295 2
3296 5
3297 2
3298 7
3299 4
3300 3
3301 5
3302 2
3303 7
3304 7
3305 4
3306 2
3307 5
3308 4
3309 7
3310 4
3311 2
3312 2
3313 4
3314 4
3315 5
3316 3
3317 2
3318 3
3319 2
3320 3
3321 5
3322 5
3323 2
3324 2
3325 5
3326 5
3327 3
3328 5
3329 2
3330 3
3331 5
3332 5
3333 3
3334 5
3335 3
3336 7
3337 2
3338 4
3339 2
3340 2
3341 3
3342 4
3343 7
3344 4
3345 4
3346 2
3347 7
3348 5
3349 7
3350 4
3351 5
3352 5
3353 2
3354 4
3355 7
3356 3
3357 7
3358 2
3359 7
3360 5
3361 3
3362 7
3363 3
3364 7
3365 2
3366 5
3367 2
3368 2
3369 4
3370 7
3371 4
3372 5
3373 7
3374 7
3375 5
3376 5
3377 3
3378 7
3379 7
3380 3
3381 7
3382 2
3383 4
3384 5
3385 3
3386 2
3387 2
3388 7
3389 5
3390 3
3391 3
3392 2
3393 2
3394 7
3395 4
3396 4
3397 5
3398 7
3399 3
3400 4
3401 5
3402 5
3403 7
3404 7
3405 2
3406 7
3407 3
3408 2
3409 4
3410 5
3411 5
3412 2
3413 3
3414 2
3415 7
3416 5
3417 3
3418 7
3419 3
3420 4
3421 5
3422 5
3423 4
3424 2
3425 5
3426 4
3427 7
3428 2
3429 5
3430 2
3431 2
3432 7
3433 2
3434 3
3435 5
3436 2
3437 5
3438 7
3439 7
3440 7
3441 5
3442 4
3443 4
3444 7
3445 3
3446 2
3447 2
3448 7
3449 3
3450 3
3451 2
3452 5
3453 4
3454 4
3455 5
3456 5
3457 2
3458 7
3459 5
3460 5
3461 2
3462 2
3463 3
3464 7
3465 3
3466 2
3467 4
3468 4
3469 5
3470 4
3471 4
3472 2
3473 5
3474 2
3475 4
3476 4
3477 7
3478 2
3479 7
3480 5
3481 4
3482 4
3483 3
3484 7
3485 4
3486 7
3487 3
3488 4
3489 2
3490 3
3491 5
3492 5
3493 4
3494 4
3495 2
3496 3
3497 5
3498 3
3499 4
3500 2
3501 2
3502 5
3503 3
3504 2
3505 3
3506 3
3507 4
3508 3
3509 2
3510 3
3511 4
3512 5
3513 3
3514 3
3515 7
3516 4
3517 3
3518 5
3519 7
3520 5
3521 7
3522 3
3523 5
3524 7
3525 4
3526 2
3527 4
3528 2
3529 3
3530 2
3531 7
3532 4
3533 5
3534 5
3535 3
3536 7
3537 5
3538 7
3539 5
3540 7
3541 2
3542 5
3543 5
3544 2
3545 5
3546 5
3547 3
3548 3
3549 4
3550 7
3551 3
3552 4
3553 2
3554 3
3555 3
3556 4
3557 7
3558 3
3559 7
3560 3
3561 3
3562 7
3563 3
3564 2
3565 3
3566 3
3567 5
3568 4
3569 3
3570 4
3571 4
3572 3
3573 2
3574 3
3575 7
3576 5
3577 2
3578 2
3579 3
3580 3
3581 2
3582 2
3583 3
3584 3
3585 5
3586 7
3587 7
3588 4
3589 4
3590 3
3591 3
3592 5
3593 5
3594 4
3595 2
3596 3
3597 3
3598 2
3599 3
3600 2
3601 5
3602 4
3603 2
3604 5
3605 3
3606 2
3607 2
3608 3
3609 4
3610 7
3611 3
3612 7
3613 2
3614 7
3615 5
3616 2
3617 3
3618 3
3619 7
3620 2
3621 7
3622 3
3623 5
3624 4
3625 3
3626 2
3627 3
3628 5
3629 4
3630 4
3631 7
3632 4
3633 3
3634 2
3635 5
3636 4
3637 3
3638 4
3639 2
3640 5
3641 4
3642 7
3643 5
3644 2
3645 7
3646 5
3647 2
3648 7
3649 5
3650 2
3651 7
3652 2
3653 5
3654 2
3655 4
3656 5
3657 2
3658 2
3659 5
3660 7
3661 2
3662 2
3663 7
3664 7
3665 4
3666 4
3667 7
3668 3
3669 4
3670 2
3671 5
3672 2
3673 7
3674 5
3675 7
3676 2
3677 3
3678 5
3679 5
3680 3
3681 5
3682 3
3683 3
3684 2
3685 2
3686 7
3687 7
3688 2
3689 2
3690 5
3691 4
3692 5
3693 7
3694 5
3695 3
3696 3
3697 2
3698 2
3699 5
3700 2
3701 7
3702 7
3703 4
3704 3
3705 3
3706 7
3707 5
3708 5
3709 5
3710 4
3711 3
3712 2
3713 5
3714 2
3715 7
3716 5
3717 2
3718 3
3719 2
3720 3
3721 2
3722 7
3723 3
3724 4
3725 5
3726 3
3727 5
3728 2
3729 4
3730 2
3731 3
3732 3
3733 3
3734 2
3735 5
3736 4
3737 7
3738 3
3739 7
3740 2
3741 4
3742 3
3743 3
3744 2
3745 2
3746 2
3747 7
3748 2
3749 7
3750 5
3751 2
3752 7
3753 7
3754 4
3755 7
3756 7
3757 7
3758 3
3759 5
3760 5
3761 2
3762 5
3763 7
3764 3
3765 2
3766 2
3767 3
3768 4
3769 4
3770 2
3771 2
3772 4
3773 7
3774 4
3775 7
3776 3
3777 4
3778 2
3779 5
3780 4
3781 5
3782 7
3783 2
3784 7
3785 4
3786 4
3787 3
3788 3
3789 3
3790 3
3791 3
3792 4
3793 7
3794 4
3795 3
3796 2
3797 7
3798 4
3799 3
3800 7
3801 3
3802 7
3803 2
3804 5
3805 4
3806 7
3807 7
3808 3
3809 5
3810 3
3811 7
3812 2
3813 4
3814 5
3815 4
3816 5
3817 5
3818 2
3819 3
3820 3
3821 7
3822 2
3823 4
3824 4
3825 4
3826 4
3827 3
3828 3
3829 2
3830 4
3831 5
3832 4
3833 2
3834 3
3835 2
3836 2
3837 4
3838 5
3839 4
3840 4
3841 7
3842 4
3843 5
3844 3
3845 5
3846 3
3847 4
3848 5
3849 5
3850 2
3851 5
3852 2
3853 7
3854 5
3855 7
3856 2
3857 7
3858 2
3859 3
3860 4
3861 4
3862 5
3863 7
3864 5
3865 7
3866 5
3867 2
3868 4
3869 4
3870 7
3871 5
3872 2
3873 4
3874 4
3875 7
3876 2
3877 7
3878 2
3879 7
3880 3
3881 4
3882 4
3883 3
3884 5
3885 2
3886 2
3887 7
3888 4
3889 2
3890 2
3891 4
3892 5
3893 2
3894 4
3895 5
3896 2
3897 7
3898 3
3899 2
3900 5
3901 3
3902 3
3903 5
3904 2
3905 4
3906 7
3907 3
3908 3
3909 2
3910 7
3911 2
3912 3
3913 2
3914 2
3915 3
3916 7
3917 3
3918 4
3919 5
3920 3
3921 4
3922 7
3923 5
3924 2
3925 4
3926 4
3927 7
3928 7
3929 2
3930 2
3931 2
3932 2
3933 7
3934 4
3935 5
3936 5
3937 5
3938 4
3939 7
3940 5
3941 7
3942 4
3943 5
3944 3
3945 5
3946 4
3947 5
3948 4
3949 4
3950 2
3951 3
3952 2
3953 2
3954 5
3955 5
3956 7
3957 3
3958 7
3959 2
3960 7
3961 5
3962 7
3963 3
3964 4
3965 4
3966 3
3967 2
3968 5
3969 7
3970 2
3971 7
3972 7
3973 7
3974 7
3975 4
3976 7
3977 7
3978 7
3979 3
3980 3
3981 4
3982 4
3983 4
3984 2
3985 2
3986 5
3987 5
3988 2
3989 3
3990 5
3991 4
3992 3
3993 5
3994 4
3995 2
3996 4
3997 2
3998 4
3999 2
4000 7
4001 2
4002 5
4003 5
4004 7
4005 2
4006 2
4007 4
4008 4
4009 4
4010 4
4011 2
4012 2
4013 3
4014 4
4015 5
4016 2
4017 3
4018 2
4019 3
4020 4
4021 2
4022 4
4023 7
4024 5
4025 4
4026 2
4027 5
4028 2
4029 7
4030 2
4031 2
4032 4
4033 5
4034 2
4035 7
4036 7
4037 4
4038 5
4039 2
4040 4
4041 4
4042 7
4043 5
4044 3
4045 5
4046 4
4047 5
4048 4
4049 7
4050 5
4051 5
4052 4
4053 5
4054 7
4055 7
4056 7
4057 2
4058 3
4059 7
4060 7
4061 3
4062 4
4063 2
4064 5
4065 4
4066 2
4067 7
4068 2
4069 7
4070 3
4071 4
4072 7
4073 5
4074 2
4075 4
4076 4
4077 3
4078 5
4079 3
4080 7
4081 7
4082 2
4083 5
4084 4
4085 5
4086 5
4087 3
4088 4
4089 4
4090 3
4091 5
4092 7
4093 5
4094 2
4095 4
4096 3
4097 3
4098 7
4099 5
4100 5
4101 3
4102 3
4103 2
4104 7
4105 2
4106 3
4107 5
4108 3
4109 4
4110 5
4111 4
4112 4
4113 4
4114 7
4115 4
4116 5
4117 4
4118 2
4119 5
4120 4
4121 3
4122 2
4123 7
4124 2
4125 4
4126 3
4127 5
4128 5
4129 2
4130 2
4131 3
4132 2
4133 7
4134 5
4135 3
4136 5
4137 4
4138 4
4139 3
4140 4
4141 7
4142 2
4143 2
4144 5
4145 2
4146 7
4147 5
4148 4
4149 3
4150 5
4151 3
4152 7
4153 2
4154 2
4155 5
4156 5
4157 3
4158 3
4159 4
4160 2
4161 4
4162 3
4163 7
4164 4
4165 2
4166 2
4167 7
4168 4
4169 4
4170 4
4171 7
4172 2
4173 2
4174 3
4175 3
4176 7
4177 2
4178 2
4179 3
4180 7
4181 7
4182 3
4183 2
4184 7
4185 4
4186 4
4187 2
4188 2
4189 5
4190 4
4191 5
4192 4
4193 3
4194 4
4195 7
4196 2
4197 4
4198 5
4199 3
4200 5
4201 3
4202 2
4203 7
4204 4
4205 4
4206 5
4207 4
4208 4
4209 2
4210 7
4211 7
4212 4
4213 4
4214 2
4215 5
4216 5
4217 7
4218 3
4219 7
4220 7
4221 2
4222 2
4223 3
4224 4
4225 4
4226 7
4227 4
4228 7
4229 3
4230 4
4231 7
4232 7
4233 2
4234 3
4235 7
4236 2
4237 5
4238 7
4239 4
4240 7
4241 2
4242 4
4243 4
4244 4
4245 4
4246 7
4247 5
4248 3
4249 4
4250 2
4251 3
4252 3
4253 7
4254 7
4255 2
4256 4
4257 3
4258 3
4259 4
4260 4
4261 4
4262 7
4263 4
4264 7
4265 7
4266 3
4267 3
4268 3
4269 4
4270 2
4271 4
4272 5
4273 5
4274 7
4275 5
4276 4
4277 3
4278 5
4279 2
4280 4
4281 7
4282 2
4283 7
4284 2
4285 7
4286 3
4287 5
4288 2
4289 4
4290 3
4291 5
4292 2
4293 2
4294 7
4295 3
4296 2
4297 4
4298 5
4299 7
4300 2
4301 5
4302 2
4303 7
4304 7
4305 7
4306 3
4307 3
4308 5
4309 7
4310 4
4311 7
4312 3
4313 2
4314 3
4315 4
4316 2
4317 4
4318 5
4319 7
4320 5
4321 7
4322 2
4323 3
4324 5
4325 2
4326 4
4327 4
4328 4
4329 5
4330 4
4331 7
4332 3
4333 2
4334 3
4335 4
4336 7
4337 3
4338 7
4339 5
4340 5
4341 2
4342 2
4343 3
4344 7
4345 5
4346 5
4347 2
4348 5
4349 4
4350 5
4351 7
4352 5
4353 3
4354 7
4355 5
4356 4
4357 7
4358 2
4359 3
4360 2
4361 4
4362 2
4363 7
4364 3
4365 7
4366 3
4367 5
4368 2
4369 3
4370 2
4371 5
4372 3
4373 4
4374 4
4375 7
4376 3
4377 2
4378 5
4379 2
4380 5
4381 5
4382 3
4383 2
4384 3
4385 7
4386 3
4387 7
4388 2
4389 5
4390 7
4391 7
4392 3
4393 3
4394 4
4395 4
4396 2
4397 7
4398 4
4399 3
4400 4
4401 3
4402 4
4403 3
4404 3
4405 4
4406 3
4407 3
4408 4
4409 5
4410 7
4411 4
4412 3
4413 7
4414 2
4415 3
4416 4
4417 3
4418 2
4419 3
4420 2
4421 2
4422 3
4423 7
4424 7
4425 3
4426 7
4427 3
4428 7
4429 3
4430 4
4431 7
4432 2
4433 5
4434 2
4435 4
4436 7
4437 7
4438 3
4439 4
4440 3
4441 4
4442 3
4443 2
4444 5
4445 3
4446 3
4447 2
4448 7
4449 5
4450 5
4451 4
4452 7
4453 3
4454 5
4455 2
4456 3
4457 4
4458 4
4459 4
4460 4
4461 7
4462 7
4463 4
4464 4
4465 4
4466 4
4467 4
4468 3
4469 3
4470 4
4471 4
4472 5
4473 7
4474 3
4475 3
4476 2
4477 3
4478 4
4479 3
4480 4
4481 5
4482 3
4483 5
4484 5
4485 3
4486 4
4487 4
4488 7
4489 2
4490 5
4491 2
4492 5
4493 3
4494 7
4495 4
4496 4
4497 5
4498 3
4499 3
4500 7
4501 7
4502 7
4503 3
4504 4
4505 3
4506 2
4507 3
4508 4
4509 4
4510 2
4511 5
4512 7
4513 2
4514 7
4515 3
4516 3
4517 7
4518 3
4519 7
4520 5
4521 5
4522 2
4523 5
4524 2
4525 7
4526 2
4527 5
4528 5
4529 2
4530 4
4531 2
4532 4
4533 3
4534 3
4535 5
4536 3
4537 4
4538 4
4539 7
4540 7
4541 5
4542 3
4543 5
4544 3
4545 2
4546 7
4547 7
4548 3
4549 2
4550 3
4551 5
4552 7
4553 5
4554 2
4555 5
4556 5
4557 5
4558 5
4559 7
4560 5
4561 4
4562 3
4563 7
4564 2
4565 2
4566 3
4567 7
4568 3
4569 4
4570 5
4571 7
4572 4
4573 3
4574 5
4575 7
4576 7
4577 7
4578 3
4579 7
4580 2
4581 2
4582 4
4583 2
4584 3
4585 5
4586 2
4587 4
4588 5
4589 5
4590 7
4591 4
4592 7
4593 7
4594 2
4595 7
4596 4
4597 5
4598 4
4599 4
4600 3
4601 5
4602 3
4603 5
4604 7
4605 5
4606 5
4607 4
4608 3
4609 7
4610 2
4611 2
4612 7
4613 3
4614 4
4615 5
4616 7
4617 5
4618 5
4619 7
4620 3
4621 4
4622 2
4623 5
4624 5
4625 3
4626 5
4627 7
4628 4
4629 5
4630 7
4631 7
4632 3
4633 5
4634 2
4635 5
4636 7
4637 7
4638 2
4639 3
4640 3
4641 5
4642 5
4643 4
4644 5
4645 3
4646 2
4647 5
4648 7
4649 5
4650 5
4651 7
4652 3
4653 2
4654 3
4655 5
4656 4
4657 4
4658 5
4659 7
4660 5
4661 3
4662 2
4663 3
4664 2
4665 5
4666 5
4667 4
4668 3
4669 2
4670 4
4671 2
4672 7
4673 2
4674 4
4675 3
4676 7
4677 5
4678 3
4679 7
4680 3
4681 2
4682 7
4683 7
4684 4
4685 7
4686 7
4687 4
4688 5
4689 7
4690 4
4691 5
4692 5
4693 2
4694 4
4695 2
4696 2
4697 7
4698 3
4699 4
4700 4
4701 2
4702 4
4703 4
4704 5
4705 7
4706 4
4707 4
4708 5
4709 4
4710 4
4711 4
4712 4
4713 4
4714 5
4715 4
4716 5
4717 2
4718 5
4719 7
4720 2
4721 4
4722 5
4723 4
4724 3
4725 3
4726 7
4727 5
4728 5
4729 4
4730 7
4731 2
4732 2
4733 5
4734 3
4735 4
4736 2
4737 5
4738 4
4739 5
4740 5
4741 2
4742 2
4743 5
4744 5
4745 7
4746 4
4747 7
4748 4
4749 5
4750 3
4751 2
4752 5
4753 3
4754 5
4755 4
4756 5
4757 7
4758 5
4759 7
4760 5
4761 7
4762 4
4763 3
4764 3
4765 7
4766 4
4767 3
4768 4
4769 4
4770 3
4771 3
4772 5
4773 2
4774 5
4775 3
4776 7
4777 3
4778 3
4779 2
4780 4
4781 5
4782 2
4783 4
4784 4
4785 2
4786 2
4787 4
4788 7
4789 3
4790 5
4791 4
4792 5
4793 7
4794 3
4795 7
4796 2
4797 7
4798 2
4799 5
4800 7
4801 3
4802 4
4803 7
4804 2
4805 2
4806 2
4807 3
4808 5
4809 3
4810 7
4811 5
4812 2
4813 3
4814 2
4815 3
4816 2
4817 3
4818 5
4819 2
4820 7
4821 3
4822 3
4823 7
4824 7
4825 3
4826 5
4827 5
4828 2
4829 4
4830 3
4831 7
4832 7
4833 3
4834 7
4835 4
4836 3
4837 3
4838 5
4839 7
4840 4
4841 4
4842 2
4843 5
4844 5
4845 2
4846 7
4847 5
4848 2
4849 7
4850 2
4851 5
4852 5
4853 7
4854 2
4855 5
4856 2
4857 3
4858 4
4859 2
4860 5
4861 7
4862 3
4863 4
4864 4
4865 4
4866 7
4867 2
4868 2
4869 4
4870 3
4871 2
4872 5
4873 7
4874 7
4875 2
4876 4
4877 5
4878 3
4879 5
4880 5
4881 5
4882 2
4883 5
4884 3
4885 4
4886 4
4887 2
4888 7
4889 2
4890 4
4891 4
4892 4
4893 2
4894 2
4895 3
4896 2
4897 4
4898 3
4899 2
4900 3
4901 5
4902 2
4903 5
4904 2
4905 4
4906 2
4907 4
4908 3
4909 2
4910 4
4911 7
4912 2
4913 2
4914 4
4915 2
4916 2
4917 3
4918 4
4919 2
4920 2
4921 4
4922 2
4923 5
4924 7
4925 2
4926 5
4927 5
4928 2
4929 7
4930 2
4931 5
4932 5
4933 4
4934 7
4935 7
4936 7
4937 5
4938 4
4939 2
4940 2
4941 4
4942 3
4943 2
4944 4
4945 4
4946 4
4947 5
4948 3
4949 4
4950 4
4951 4
4952 5
4953 5
4954 5
4955 4
4956 7
4957 4
4958 5
4959 4
4960 4
4961 3
4962 2
4963 2
4964 5
4965 4
4966 7
4967 3
4968 2
4969 3
4970 5
4971 5
4972 3
4973 4
4974 3
4975 4
4976 7
4977 4
4978 4
4979 5
4980 4
4981 4
4982 5
4983 5
4984 4
4985 4
4986 2
4987 7
4988 5
4989 3
4990 3
4991 2
4992 3
4993 2
4994 5
4995 2
4996 3
4997 2
4998 5
4999 2
5000 4
